NET-4:0.00600000000167
NET-3:0.00600000000167
NET-2:0.00600000000167
NET-1:0.00600000000111
NET-0:0.00600001070056
LIGHT-BEDROOM:0.00575324048487
LIGHT-BEDROOM-microcontroller-sensor:0.12
LIGHT-LIVING:0.034233022894
LIGHT-LIVING-microcontroller-sensor:0.12
LIGHT-BATHROOM:0.0161082007034
LIGHT-BATHROOM-microcontroller-sensor:0.12
LIGHT-KITCHEN:0.0117930129784
LIGHT-KITCHEN-microcontroller-sensor:0.12
cloud:2.13155864198e-11
