NET-1:6.25005555556e-07
LIGHT-1:7.2508175e-05
NET-0:6.34727777778e-07
