NET-1:6.25005555556e-07
LIGHT-1:6.0008175e-05
LIGHT-1-microcontroller-sensor:1.25e-05
cloud:4.01234567901e-08
NET-0:6.34727777778e-07
