NET-4:0.00600000000167
NET-3:0.00600000000167
NET-2:0.00600000000167
NET-1:0.00600000000111
NET-0:0.00600001070056
LIGHT-BEDROOM:0.125753240485
LIGHT-LIVING:0.154233022894
LIGHT-BATHROOM:0.136108200703
LIGHT-KITCHEN:0.131793012978
cloud:2.13155864198e-11
